latitude=26.262172836003003
longitude=78.22754056532457
